78 208 
77 75 
146 195 
165 46 
180 214 
220 92 
232 248 
305 125 
321 229 
348 100 
447 231 
404 71 
504 83 
371 46 
516 37 
640 60 
785 70 
747 169 
578 118 
467 225 
679 230 
882 117 
843 75 
997 122 
946 195 
820 270 
941 301 
724 438 
975 415 
870 493 
996 479 
891 574 
995 571 
961 632 
833 646 
857 576 
710 575 
888 476 
651 490 
680 391 
570 469 
647 285 
378 316 
476 538 
325 610 
202 514 
377 451 
45 412 
165 321 
285 382 
298 295 
69 308 
78 208 
78 208 
78 208 
78 208 
