52 132 
93 7 
87 127 
127 30 
104 132 
153 44 
147 148 
186 41 
167 168 
204 18 
239 162 
252 41 
283 203 
300 49 
330 268 
362 75 
374 239 
390 61 
410 245 
447 87 
454 250 
480 70 
504 265 
550 76 
521 276 
580 95 
559 320 
413 304 
542 391 
427 347 
504 438 
392 393 
502 496 
390 420 
495 531 
380 496 
489 557 
515 498 
546 500 
509 466 
537 483 
512 444 
537 452 
521 422 
554 438 
576 407 
588 442 
556 454 
585 486 
556 474 
573 510 
535 519 
558 539 
523 539 
515 569 
462 583 
450 556 
424 579 
411 545 
378 586 
382 542 
322 580 
338 535 
256 571 
279 517 
203 568 
218 524 
171 569 
173 560 
162 503 
119 575 
122 527 
84 588 
87 533 
58 575 
60 515 
41 568 
24 474 
72 502 
78 450 
93 500 
119 451 
109 516 
138 454 
136 513 
176 438 
186 498 
203 451 
216 502 
235 447 
254 504 
262 421 
286 497 
307 409 
325 482 
340 410 
378 459 
346 373 
386 410 
338 324 
411 358 
344 301 
302 343 
298 304 
282 371 
267 309 
252 377 
238 321 
222 397 
210 335 
188 401 
169 325 
159 417 
118 306 
101 406 
91 349 
53 403 
52 275 
72 315 
99 253 
133 291 
148 242 
175 291 
183 248 
207 308 
215 255 
241 299 
243 242 
269 292 
303 289 
275 268 
246 212 
218 245 
194 195 
194 240 
157 188 
137 231 
130 174 
87 235 
95 176 
70 241 
18 245 
54 223 
19 209 
51 206 
23 189 
59 188 
21 171 
55 173 
