138 169 
40 117 
164 161 
101 45 
192 156 
207 46 
218 160 
264 44 
260 162 
294 65 
295 163 
354 58 
327 170 
409 72 
395 161 
459 51 
434 174 
302 198 
417 194 
284 217 
391 233 
213 246 
348 285 
159 261 
136 328 
134 236 
242 223 
141 219 
271 196 
147 189 
95 292 
134 364 
90 378 
243 372 
70 404 
222 408 
63 430 
222 435 
76 468 
211 468 
42 511 
228 509 
64 551 
204 542 
73 609 
292 598 
316 429 
338 585 
380 417 
395 556 
440 412 
318 398 
366 375 
280 365 
377 354 
239 333 
401 336 
378 272 
418 331 
422 200 
457 261 
477 113 
513 176 
521 29 
572 104 
591 17 
602 109 
652 30 
680 81 
578 148 
633 149 
531 201 
617 201 
501 232 
613 231 
454 290 
592 292 
426 340 
569 347 
396 375 
552 381 
547 496 
519 420 
494 507 
495 420 
436 559 
707 553 
846 613 
778 537 
974 527 
833 473 
964 458 
830 407 
944 402 
802 375 
955 362 
823 326 
971 326 
812 276 
968 279 
874 251 
959 227 
829 207 
988 177 
804 134 
979 126 
879 50 
724 175 
845 177 
762 224 
857 226 
777 247 
728 211 
731 277 
743 245 
782 288 
726 328 
773 331 
718 378 
776 379 
724 415 
798 403 
826 506 
779 429 
763 514 
741 443 
705 529 
704 452 
653 517 
676 445 
579 499 
623 430 
565 414 
691 414 
578 390 
686 374 
674 276 
644 365 
643 269 
612 358 
613 270 
668 242 
628 208 
685 193 
637 172 
713 166 
648 139 
727 39 
711 114 
775 36 
759 106 
815 44 
820 74 
851 22 
1088 13 
977 34 
1083 37 
988 52 
1067 86 
1010 109 
1074 116 
1053 153 
1088 153 
1018 189 
1077 189 
994 227 
1077 223 
989 252 
1092 253 
1080 358 
1069 268 
1049 348 
1026 276 
999 354 
1085 396 
1005 399 
1075 445 
1010 458 
1076 491 
982 681 
991 559 
844 561 
963 591 
875 586 
956 627 
868 628 
960 677 
774 670 
774 610 
724 662 
712 599 
653 666 
689 580 
452 608 
634 616 
608 691 
594 640 
544 682 
544 641 
485 683 
494 643 
431 670 
435 632 
18 657 
27 267 
68 264 
57 220 
